1753635213846 -2.751058740000571 1
1753635214861 -2.6296825639663206 2
1753635216067 -2.625832280805034 3
1753635217125 -2.5930094565114667 4
1753635218267 -2.5911567980243313 5
1753635219351 -2.591647263496153 6
1753635220535 -2.5890854558637066 7
1753635221706 -2.572752429592994 8
1753635222785 -2.552839740630119 9
1753635223838 -2.551779039444462 10
1753635224947 -2.5509662935810704 11
1753635226077 -2.5508121521242204 12
1753635227229 -2.5507037947254796 13
1753635228259 -2.550754185645811 14
1753635229401 -2.550586462020874 15
1753635230480 -2.550462107504568 16
1753635231476 -2.5503511736469884 17
1753635232564 -2.5500386684171614 18
1753635233540 -2.5456990811132614 19
1753635234622 -2.517210675824073 20
1753635235792 -2.5201179442867154 21
1753635237016 -2.5173803375613306 22
1753635238507 -2.5527489877516225 23
1753635239886 -2.5517231418240454 24
1753635241232 -2.552262783050537 25
1753635242549 -2.5504968397078978 26
1753635243845 -2.550529210798202 27
1753635253093 -2.5496535301208496 28
1753635261755 -2.5513389033655964 29
1753635269258 -2.550227188294934 30
1753635277173 -2.549319305727559 31
1753635285051 -2.5487978535313762 32
1753635292662 -2.54855651240195 33
1753635300613 -2.54839462618674 34
1753635308552 -2.548126636012908 35
1753635316480 -2.5480129949508177 36
1753635324175 -2.5229122484883955 37
1753635333497 -2.523138161628477 38
1753635343515 -2.5145588844053206 39
1753635356610 -2.516471416719498 40
1753635368884 -2.5136545858075543 41
1753635384647 -2.510806268261325 42
1753635399941 -2.5115545949628277 43
1753635420777 -2.5120111511599634 44
1753635449266 -2.511903739744617 45
1753635477669 -2.510715769183251 46
1753635505652 -2.510016764363935 47
1753635533463 -2.509960651397705 48
1753635560544 -2.5102160515323764 49
1753635587421 -2.5101253986358643 50
1753635613889 -2.510244108015491 51
1753635640662 -2.5102859466306624 52
1753635667355 -2.5102858312668337 53
1753635680188 -2.510104548546576 54
1753635682368 -2.5101371349826938 55
1753635684416 -2.509996598766696 56
1753635686553 -2.509943208386821 57
1753635709384 -2.5098013570231776 58
1753635736086 -2.5098935711768364 59
1753635763631 -2.5097806222977175 60
1753635791563 -2.5098159390111126 61
1753635819550 -2.509820753528226 62
1753635847383 -2.5096714881158646 63
1753635875117 -2.5096472463300152 64
1753635903074 -2.509649330569852 65
1753635917654 -2.5096384248425885 66
1753635919671 -2.509670842078424 67
1753635921703 -2.509600885452763 68
1753635923753 -2.5095826425860004 69
