1753635213846 58.02030456852792 1
1753635214861 69.08629441624366 2
1753635216067 69.34010152284264 3
1753635217125 72.86802030456853 4
1753635218267 73.02030456852792 5
1753635219351 72.86802030456853 6
1753635220535 73.04568527918782 7
1753635221706 74.8984771573604 8
1753635222785 76.8527918781726 9
1753635223838 76.90355329949239 10
1753635224947 76.92893401015229 11
1753635226077 76.92893401015229 12
1753635227229 76.92893401015229 13
1753635228259 76.92893401015229 14
1753635229401 76.92893401015229 15
1753635230480 76.92893401015229 16
1753635231476 76.92893401015229 17
1753635232564 76.92893401015229 18
1753635233540 77.46192893401015 19
1753635234622 80.43147208121827 20
1753635235792 80.1015228426396 21
1753635237016 80.38071065989848 22
1753635238507 76.8274111675127 23
1753635239886 76.97969543147208 24
1753635241232 76.95431472081218 25
1753635242549 77.03045685279187 26
1753635243845 77.03045685279187 27
1753635253093 77.10659898477158 28
1753635261755 76.95431472081218 29
1753635269258 77.05583756345177 30
1753635277173 77.13197969543147 31
1753635285051 77.13197969543147 32
1753635292662 77.13197969543147 33
1753635300613 77.13197969543147 34
1753635308552 77.13197969543147 35
1753635316480 77.13197969543147 36
1753635324175 79.74619289340102 37
1753635333497 79.82233502538071 38
1753635343515 80.68527918781726 39
1753635356610 80.55837563451777 40
1753635368884 80.78680203045685 41
1753635384647 81.11675126903553 42
1753635399941 81.01522842639594 43
1753635420777 80.98984771573605 44
1753635449266 80.98984771573605 45
1753635477669 81.09137055837563 46
1753635505652 81.14213197969544 47
1753635533463 81.11675126903553 48
1753635560544 81.16751269035532 49
1753635587421 81.16751269035532 50
1753635613889 81.16751269035532 51
1753635640662 81.16751269035532 52
1753635667355 81.16751269035532 53
1753635680188 81.16751269035532 54
1753635682368 81.16751269035532 55
1753635684416 81.16751269035532 56
1753635686553 81.16751269035532 57
1753635709384 81.16751269035532 58
1753635736086 81.16751269035532 59
1753635763631 81.16751269035532 60
1753635791563 81.16751269035532 61
1753635819550 81.16751269035532 62
1753635847383 81.16751269035532 63
1753635875117 81.16751269035532 64
1753635903074 81.16751269035532 65
1753635917654 81.16751269035532 66
1753635919671 81.16751269035532 67
1753635921703 81.16751269035532 68
1753635923753 81.16751269035532 69
