1753629331238 55.91370558375635 1
1753629332164 65.20304568527919 2
1753629333129 65.30456852791878 3
1753629334150 65.22842639593908 4
1753629335092 65.25380710659898 5
1753629336028 65.68527918781726 6
1753629336951 64.39086294416244 7
1753629337937 65.30456852791878 8
1753629339013 65.27918781725889 9
1753629340066 65.30456852791878 10
1753629341025 65.30456852791878 11
1753629341960 65.30456852791878 12
1753629342917 65.30456852791878 13
1753629343897 65.30456852791878 14
1753629344881 65.30456852791878 15
1753629345992 65.30456852791878 16
1753629346979 65.30456852791878 17
1753629348050 65.30456852791878 18
1753629349073 65.30456852791878 19
1753629350159 65.30456852791878 20
1753629351303 67.71573604060913 21
1753629352387 68.85786802030456 22
1753629353520 69.01015228426395 23
1753629354850 69.01015228426395 24
1753629356001 69.01015228426395 25
1753629357172 69.01015228426395 26
1753629358375 69.01015228426395 27
1753629359438 69.01015228426395 28
1753629360596 69.01015228426395 29
1753629361749 69.01015228426395 30
1753629362836 69.01015228426395 31
1753629363971 72.10659898477158 32
1753629365318 72.30964467005076 33
1753629366589 71.8274111675127 34
1753629367772 70.81218274111676 35
1753629368986 72.28426395939087 36
1753629370201 72.48730964467005 37
1753629371547 72.61421319796955 38
1753629373105 72.61421319796955 39
1753629374502 72.61421319796955 40
1753629375961 72.61421319796955 41
1753629377296 72.61421319796955 42
1753629378641 72.61421319796955 43
1753629379982 72.61421319796955 44
1753629381379 72.61421319796955 45
1753629382837 72.63959390862944 46
1753629384257 72.63959390862944 47
1753629385589 72.63959390862944 48
1753629386914 72.63959390862944 49
1753629388206 72.63959390862944 50
1753629389435 72.63959390862944 51
1753629390734 72.63959390862944 52
1753629392001 72.63959390862944 53
1753629393264 72.63959390862944 54
1753629394627 72.63959390862944 55
1753629395891 72.63959390862944 56
1753629397250 72.63959390862944 57
1753629398388 72.63959390862944 58
1753629399704 72.63959390862944 59
1753629401107 72.63959390862944 60
1753629402471 72.63959390862944 61
1753629404077 67.74111675126903 62
1753629405650 68.2994923857868 63
1753629407338 66.7258883248731 64
1753629409330 64.16243654822335 65
1753629411360 64.54314720812182 66
1753629413359 64.79695431472081 67
1753629415261 64.79695431472081 68
1753629417479 64.79695431472081 69
1753629419323 64.79695431472081 70
1753629421134 64.79695431472081 71
1753629422886 64.79695431472081 72
1753629434276 64.79695431472081 73
1753629459881 64.79695431472081 74
1753629482154 64.79695431472081 75
1753629502300 64.79695431472081 76
1753629525997 64.79695431472081 77
1753629550813 64.79695431472081 78
1753629577938 64.79695431472081 79
1753629605178 64.79695431472081 80
1753629631639 64.79695431472081 81
1753629636712 64.79695431472081 82
