1753629331238 -2.770196391690162 1
1753629332164 -2.6672479414170787 2
1753629333129 -2.665419809279903 3
1753629334150 -2.6664506466157976 4
1753629335092 -2.666372460703696 5
1753629336028 -2.660722847907774 6
1753629336951 -2.6779252406089538 7
1753629337937 -2.668017548899497 8
1753629339013 -2.66768628551114 9
1753629340066 -2.6653677263567523 10
1753629341025 -2.663993996958579 11
1753629341960 -2.6635136373581423 12
1753629342917 -2.6631444731066303 13
1753629343897 -2.6627616343959684 14
1753629344881 -2.6625963257205103 15
1753629345992 -2.662404598728303 16
1753629346979 -2.662350631529285 17
1753629348050 -2.662236790503225 18
1753629349073 -2.6621001997301654 19
1753629350159 -2.6620441790549987 20
1753629351303 -2.6402994740393853 21
1753629352387 -2.6305354948966735 22
1753629353520 -2.627020559003276 23
1753629354850 -2.626130465538271 24
1753629356001 -2.6259601500726517 25
1753629357172 -2.625905990600586 26
1753629358375 -2.6258588298674552 27
1753629359438 -2.625824959047379 28
1753629360596 -2.62580217084577 29
1753629361749 -2.6257823897946264 30
1753629362836 -2.625768200043709 31
1753629363971 -2.597030001301919 32
1753629365318 -2.5946785788382254 33
1753629366589 -2.5991865127317366 34
1753629367772 -2.6093123805138374 35
1753629368986 -2.594227836978051 36
1753629370201 -2.5921879583789456 37
1753629371547 -2.5907577622321343 38
1753629373105 -2.590715439088883 39
1753629374502 -2.59068868237157 40
1753629375961 -2.5906448825713126 41
1753629377296 -2.590611865443568 42
1753629378641 -2.5905813786291305 43
1753629379982 -2.5905644509100143 44
1753629381379 -2.590547030971896 45
1753629382837 -2.5902904310534076 46
1753629384257 -2.590283570751067 47
1753629385589 -2.5902752261007986 48
1753629386914 -2.590268442707677 49
1753629388206 -2.590251276569982 50
1753629389435 -2.5902153368919127 51
1753629390734 -2.5901961788054435 52
1753629392001 -2.5901674762848885 53
1753629393264 -2.590129813840312 54
1753629394627 -2.5901108787905787 55
1753629395891 -2.590097504277383 56
1753629397250 -2.590084875783613 57
1753629398388 -2.590071009051415 58
1753629399704 -2.590055742571431 59
1753629401107 -2.5900431217685824 60
1753629402471 -2.592275527215773 61
1753629404077 -2.6447671997931694 62
1753629405650 -2.63932547261638 63
1753629407338 -2.6552521028826312 64
1753629409330 -2.680988650168142 65
1753629411360 -2.6771852431758756 66
1753629413359 -2.6743368487204275 67
1753629415261 -2.6743906544100855 68
1753629417479 -2.6745519868789183 69
1753629419323 -2.6743807715754353 70
1753629421134 -2.6742050570826374 71
1753629422886 -2.6740134685270247 72
1753629434276 -2.6742318907091693 73
1753629459881 -2.6742120788943384 74
1753629482154 -2.6739420121715916 75
1753629502300 -2.6739959101523123 76
1753629525997 -2.6739229233034196 77
1753629550813 -2.673979374670213 78
1753629577938 -2.6735250642222743 79
1753629605178 -2.6736537025820826 80
1753629631639 -2.6734778342708463 81
1753629636712 -2.673364762336977 82
