1753636267868 -2.9043430820588143 1
1753636269592 -2.817730519079393 2
1753636271606 -2.7854456670822634 3
1753636273487 -2.7397130458585677 4
1753636275623 -2.6864916278469946 5
1753636278086 -2.671850965869042 6
1753636281037 -2.6723445615460797 7
1753636284169 -2.668579193853563 8
1753636287527 -2.667168386520878 9
1753636290404 -2.671012624617546 10
1753636293648 -2.6713560012079056 11
1753636296928 -2.668576325139692 12
1753636300175 -2.665848078266267 13
1753636303376 -2.664449907118274 14
1753636306639 -2.6760658833288375 15
1753636310072 -2.7586866194202053 16
1753636313216 -2.7885880777912755 17
1753636316453 -2.7834700922812186 18
1753636319506 -2.7764516261316117 19
1753636322781 -2.7570113597377652 20
1753636326260 -2.7490286827087402 21
1753636329539 -2.7438390408792803 22
1753636333060 -2.768292065589659 23
1753636336756 -2.7694523257593953 24
1753636340180 -2.748033454341273 25
1753636343848 -2.7493362888213126 26
1753636347502 -2.7816768615476546 27
1753636350325 -2.7861960395689933 28
1753636353561 -2.7954498644798034 29
