1753636267868 42.91878172588832 1
1753636269592 50.22842639593909 2
1753636271606 53.47715736040609 3
1753636273487 58.3756345177665 4
1753636275623 63.55329949238579 5
1753636278086 64.9746192893401 6
1753636281037 64.9746192893401 7
1753636284169 65.35532994923858 8
1753636287527 65.43147208121827 9
1753636290404 65.05076142131979 10
1753636293648 65.0 11
1753636296928 65.27918781725889 12
1753636300175 65.48223350253807 13
1753636303376 65.48223350253807 14
1753636306639 64.46700507614213 15
1753636310072 56.34517766497462 16
1753636313216 53.3248730964467 17
1753636316453 53.857868020304565 18
1753636319506 54.49238578680203 19
1753636322781 56.49746192893401 20
1753636326260 57.30964467005076 21
1753636329539 57.81725888324873 22
1753636333060 55.380710659898476 23
1753636336756 55.22842639593909 24
1753636340180 57.38578680203046 25
1753636343848 57.25888324873097 26
1753636347502 54.01015228426396 27
1753636350325 53.578680203045685 28
1753636353561 52.66497461928934 29
