Train classification report
              precision    recall  f1-score   support

         111       0.67      1.00      0.80       145
         112       1.00      1.00      1.00       138
         124       0.00      0.00      0.00       154
         125       1.00      1.00      1.00       158
         137       0.00      0.00      0.00       150
         138       0.00      0.00      0.00       152
         150       1.00      1.00      1.00       153
         151       0.29      1.00      0.45       153
         163       0.00      0.00      0.00       152
         164       0.83      1.00      0.91       146
         176       0.00      0.00      0.00       160
         177       0.00      0.00      0.00       154
         191       1.00      1.00      1.00       146
         192       1.00      1.00      1.00       149
       203@6       0.00      0.00      0.00       159
       204@6       0.00      0.00      0.00       149
         215       0.79      1.00      0.88       154
         217       0.80      1.00      0.89       146
         228       0.33      1.00      0.50       153
         229       1.00      1.00      1.00       149
         240       0.97      1.00      0.99       143
         241       1.00      1.00      1.00       159
         252       0.66      1.00      0.79       150
         253       1.00      1.00      1.00       153
         264       0.00      0.00      0.00       157
         265       0.37      1.00      0.54       158

    accuracy                           0.65      3940
   macro avg       0.53      0.65      0.57      3940
weighted avg       0.52      0.65      0.56      3940
