1753637077910 29.263959390862944 1
1753637079878 33.2994923857868 2
1753637081848 30.939086294416242 3
1753637083890 31.700507614213198 4
1753637089007 34.46700507614213 5
1753637110507 34.64467005076142 6
1753637138876 34.619289340101524 7
1753637168878 37.15736040609137 8
1753637204118 36.192893401015226 9
1753637256043 34.18781725888325 10
1753637306527 34.263959390862944 11
1753637376810 34.18781725888325 12
1753637423095 34.34010152284264 13
1753637465927 34.34010152284264 14
1753637525877 34.34010152284264 15
1753637576782 36.7005076142132 16
1753637613553 36.54822335025381 17
1753637676655 35.91370558375635 18
1753637728518 35.68527918781726 19
1753637735654 33.756345177664976 20
1753637741144 33.45177664974619 21
1753637744739 33.07106598984772 22
1753637748666 33.50253807106599 23
1753637752554 31.04060913705584 24
1753637756289 30.35532994923858 25
1753637760321 30.35532994923858 26
1753637764042 30.431472081218274 27
1753637767781 30.431472081218274 28
