1753637077910 -3.036319717284172 1
1753637079878 -2.987726903730823 2
1753637081848 -3.01075158580657 3
1753637083890 -3.004843073506509 4
1753637089007 -2.976202211072368 5
1753637110507 -2.971346293726275 6
1753637138876 -2.9699770096809632 7
1753637168878 -2.9491395411952848 8
1753637204118 -2.9593988464724634 9
1753637256043 -2.9800847191964426 10
1753637306527 -2.979108402805944 11
1753637376810 -2.979741073423816 12
1753637423095 -2.977572717974263 13
1753637465927 -2.9760089382048576 14
1753637525877 -2.974992129110521 15
1753637576782 -2.9535190982203328 16
1753637613553 -2.955790558168965 17
1753637676655 -2.962726123871342 18
1753637728518 -2.965004159558204 19
1753637735654 -2.9842993597830496 20
1753637741144 -2.987548905034219 21
1753637744739 -2.9910981962757726 22
1753637748666 -2.9868340569157756 23
1753637752554 -3.0116052012289725 24
1753637756289 -3.018355054240073 25
1753637760321 -3.018378634606638 26
1753637764042 -3.017622209364368 27
1753637767781 -3.0176773532744376 28
