1753632559136 -2.7810086665614957 1
1753632559882 -2.6667345416161323 2
1753632560632 -2.6653567052656606 3
1753632561496 -2.667209948262861 4
1753632562273 -2.6303228409059587 5
1753632563032 -2.628301651247086 6
1753632563906 -2.626592266944147 7
1753632564730 -2.6254933572584584 8
1753632565475 -2.598219302392775 9
1753632566146 -2.5981419624820834 10
1753632566912 -2.5921840975361485 11
1753632567666 -2.5908287571322535 12
1753632568461 -2.5894116278617614 13
1753632569146 -2.5892383590821297 14
1753632572053 -2.5887767499493015 15
1753632575583 -2.5893008016770884 16
1753632579023 -2.589202742422781 17
1753632582942 -2.588343797191497 18
1753632587119 -2.5904273756088747 19
1753632590857 -2.5900565193545435 20
1753632595320 -2.5899409247982885 21
1753632600177 -2.589121026377524 22
1753632605109 -2.588850598181448 23
1753632610915 -2.5884216677758003 24
1753632616754 -2.588309495679794 25
1753632622664 -2.5880506653939523 26
1753632628611 -2.587840195625059 27
1753632633965 -2.5877558492845103 28
1753632639633 -2.5877261469441075 29
1753632645093 -2.5877032049240603 30
1753632650371 -2.587708919279037 31
1753632655915 -2.5875766892586984 32
1753632661555 -2.587545625625118 33
1753632666848 -2.587508293890184 34
1753632672093 -2.587512339315107 35
1753632677772 -2.587467908859253 36
1753632683297 -2.5874351378410094 37
1753632688526 -2.5874920583540395 38
1753632694125 -2.5877175100388063 39
1753632699621 -2.5875654989673245 40
1753632704890 -2.5876662500442995 41
1753632710333 -2.587295732190532 42
1753632715454 -2.5870203664225917 43
1753632720988 -2.586740993684338 44
1753632726477 -2.5869796814457064 45
1753632731717 -2.5866952326989945 46
1753632737269 -2.5865302316604124 47
1753632742894 -2.5901167469639934 48
1753632752861 -2.6675174390116045 49
1753632769012 -2.6675972092536187 50
1753632786609 -2.668922678116829 51
1753632804727 -2.670819397895567 52
1753632828347 -2.6666957486060356 53
1753632852228 -2.6663885347304808 54
1753632877359 -2.6654446663395053 55
1753632903736 -2.6654342374494 56
1753632930066 -2.6654185402777886 57
1753632953153 -2.6653651037523822 58
1753632972056 -2.6653982362439557 59
1753632990041 -2.665345738011022 60
1753633008260 -2.665130615234375 61
1753633009917 -2.665429645969022 62
1753633011756 -2.665634524437689 63
1753633013405 -2.665402312432566 64
1753633015229 -2.6658726353799143 65
1753633033631 -2.6669808126265004 66
1753633057742 -2.6663175398303616 67
