1753632559136 54.67005076142132 1
1753632559882 65.40609137055837 2
1753632560632 65.53299492385787 3
1753632561496 65.38071065989848 4
1753632562273 69.11167512690355 5
1753632563032 69.11167512690355 6
1753632563906 69.21319796954315 7
1753632564730 69.21319796954315 8
1753632565475 72.43654822335026 9
1753632566146 72.41116751269035 10
1753632566912 72.91878172588832 11
1753632567666 73.02030456852792 12
1753632568461 73.09644670050761 13
1753632569146 73.12182741116752 14
1753632572053 73.12182741116752 15
1753632575583 73.09644670050761 16
1753632579023 73.12182741116752 17
1753632582942 73.12182741116752 18
1753632587119 73.04568527918782 19
1753632590857 73.07106598984771 20
1753632595320 73.09644670050761 21
1753632600177 73.12182741116752 22
1753632605109 73.12182741116752 23
1753632610915 73.12182741116752 24
1753632616754 73.12182741116752 25
1753632622664 73.12182741116752 26
1753632628611 73.12182741116752 27
1753632633965 73.12182741116752 28
1753632639633 73.12182741116752 29
1753632645093 73.12182741116752 30
1753632650371 73.12182741116752 31
1753632655915 73.12182741116752 32
1753632661555 73.12182741116752 33
1753632666848 73.12182741116752 34
1753632672093 73.12182741116752 35
1753632677772 73.12182741116752 36
1753632683297 73.12182741116752 37
1753632688526 73.09644670050761 38
1753632694125 73.12182741116752 39
1753632699621 73.12182741116752 40
1753632704890 73.12182741116752 41
1753632710333 73.12182741116752 42
1753632715454 73.09644670050761 43
1753632720988 73.12182741116752 44
1753632726477 73.12182741116752 45
1753632731717 73.12182741116752 46
1753632737269 73.12182741116752 47
1753632742894 73.04568527918782 48
1753632752861 65.50761421319797 49
1753632769012 65.40609137055837 50
1753632786609 65.25380710659898 51
1753632804727 65.0761421319797 52
1753632828347 65.50761421319797 53
1753632852228 65.53299492385787 54
1753632877359 65.60913705583756 55
1753632903736 65.63451776649747 56
1753632930066 65.63451776649747 57
1753632953153 65.63451776649747 58
1753632972056 65.63451776649747 59
1753632990041 65.63451776649747 60
1753633008260 65.63451776649747 61
1753633009917 65.63451776649747 62
1753633011756 65.60913705583756 63
1753633013405 65.60913705583756 64
1753633015229 65.58375634517766 65
1753633033631 65.48223350253807 66
1753633057742 65.53299492385787 67
